1 0.5 0.6630859375 0.01953125 0.013671875
1 0.5087890625 0.638671875 0.021484375 0.0078125
1 0.53125 0.6796875 0.017578125 0.013671875
1 0.546875 0.671875 0.017578125 0.015625
1 0.552734375 0.69140625 0.015625 0.015625
1 0.578125 0.65625 0.017578125 0.021484375
1 0.587890625 0.638671875 0.015625 0.025390625
1 0.603515625 0.634765625 0.01171875 0.01953125
1 0.6162109375 0.6650390625 0.01953125 0.013671875
1 0.626953125 0.6728515625 0.01953125 0.013671875
1 0.646484375 0.6669921875 0.017578125 0.015625
1 0.6630859375 0.689453125 0.015625 0.017578125
1 0.6875 0.6826171875 0.015625 0.015625
1 0.55078125 0.6259765625 0.015625 0.013671875
1 0.5576171875 0.61328125 0.013671875 0.01171875
1 0.58984375 0.59375 0.01171875 0.017578125
1 0.6025390625 0.61328125 0.01171875 0.017578125
1 0.630859375 0.6181640625 0.015625 0.013671875
1 0.6708984375 0.65234375 0.015625 0.017578125
1 0.662109375 0.6357421875 0.015625 0.017578125
1 0.669921875 0.626953125 0.015625 0.013671875
1 0.66796875 0.615234375 0.013671875 0.01953125
1 0.6953125 0.6396484375 0.015625 0.015625
1 0.705078125 0.623046875 0.013671875 0.01953125
1 0.75390625 0.6162109375 0.017578125 0.015625
1 0.771484375 0.6005859375 0.01953125 0.013671875
1 0.7685546875 0.5791015625 0.01171875 0.01953125
1 0.69140625 0.58984375 0.017578125 0.01171875
1 0.646484375 0.5888671875 0.013671875 0.017578125
1 0.6220703125 0.591796875 0.01171875 0.021484375
1 0.626953125 0.603515625 0.017578125 0.015625
1 0.5673828125 0.484375 0.015625 0.01953125
1 0.556640625 0.4482421875 0.015625 0.01953125
1 0.537109375 0.4365234375 0.015625 0.015625
1 0.69921875 0.5439453125 0.017578125 0.01171875
1 0.708984375 0.5419921875 0.013671875 0.01171875
1 0.58203125 0.2705078125 0.015625 0.013671875
1 0.5830078125 0.2607421875 0.013671875 0.01171875