1 0.5107421875 0.3369140625 0.021484375 0.015625
1 0.5009765625 0.3603515625 0.021484375 0.009765625
1 0.4814453125 0.318359375 0.01953125 0.015625
1 0.46484375 0.3251953125 0.01953125 0.015625
1 0.4609375 0.3056640625 0.017578125 0.017578125
1 0.4326171875 0.3388671875 0.01953125 0.0234375
1 0.421875 0.35546875 0.017578125 0.025390625
1 0.40625 0.3583984375 0.013671875 0.021484375
1 0.3955078125 0.3271484375 0.01953125 0.013671875
1 0.3857421875 0.3193359375 0.01953125 0.015625
1 0.365234375 0.3232421875 0.01953125 0.015625
1 0.3505859375 0.2998046875 0.015625 0.017578125
1 0.326171875 0.3046875 0.015625 0.015625
1 0.458984375 0.37109375 0.015625 0.015625
1 0.4501953125 0.3828125 0.015625 0.013671875
1 0.4169921875 0.400390625 0.01171875 0.017578125
1 0.4052734375 0.3798828125 0.013671875 0.01953125
1 0.3779296875 0.373046875 0.017578125 0.015625
1 0.3408203125 0.3359375 0.017578125 0.01953125
1 0.34765625 0.353515625 0.015625 0.01953125
1 0.33984375 0.361328125 0.017578125 0.013671875
1 0.3408203125 0.373046875 0.015625 0.021484375
1 0.314453125 0.3466796875 0.017578125 0.015625
1 0.3046875 0.3623046875 0.013671875 0.01953125
1 0.2548828125 0.3662109375 0.017578125 0.015625
1 0.236328125 0.380859375 0.01953125 0.015625
1 0.2373046875 0.40234375 0.013671875 0.021484375
1 0.3154296875 0.3974609375 0.017578125 0.01171875
1 0.3603515625 0.400390625 0.015625 0.017578125
1 0.384765625 0.3994140625 0.013671875 0.0234375
1 0.3798828125 0.388671875 0.017578125 0.017578125
1 0.431640625 0.5107421875 0.015625 0.01953125
1 0.4404296875 0.5478515625 0.017578125 0.021484375
1 0.4580078125 0.560546875 0.017578125 0.015625
1 0.3046875 0.4423828125 0.017578125 0.013671875
1 0.294921875 0.443359375 0.013671875 0.013671875
1 0.40234375 0.7236328125 0.017578125 0.013671875
1 0.400390625 0.7333984375 0.013671875 0.01171875