1 0.4599609375 0.341796875 0.021484375 0.017578125
1 0.4580078125 0.3671875 0.0234375 0.01171875
1 0.4267578125 0.3330078125 0.01953125 0.017578125
1 0.4130859375 0.3447265625 0.01953125 0.017578125
1 0.40234375 0.3271484375 0.017578125 0.017578125
1 0.3857421875 0.3671875 0.021484375 0.025390625
1 0.380859375 0.38671875 0.01953125 0.02734375
1 0.3671875 0.39453125 0.015625 0.021484375
1 0.3466796875 0.3681640625 0.021484375 0.015625
1 0.3349609375 0.36328125 0.021484375 0.017578125
1 0.3173828125 0.373046875 0.01953125 0.017578125
1 0.2958984375 0.35546875 0.017578125 0.01953125
1 0.2744140625 0.3681640625 0.017578125 0.017578125
1 0.4208984375 0.3896484375 0.017578125 0.015625
1 0.4169921875 0.404296875 0.015625 0.013671875
1 0.390625 0.4306640625 0.013671875 0.017578125
1 0.373046875 0.4150390625 0.015625 0.01953125
1 0.3447265625 0.4169921875 0.017578125 0.017578125
1 0.2978515625 0.3935546875 0.01953125 0.01953125
1 0.3095703125 0.4072265625 0.017578125 0.01953125
1 0.3046875 0.41796875 0.017578125 0.015625
1 0.3095703125 0.4287109375 0.015625 0.021484375
1 0.2763671875 0.412109375 0.017578125 0.017578125
1 0.271484375 0.4296875 0.015625 0.021484375
1 0.2255859375 0.4482421875 0.01953125 0.017578125
1 0.212890625 0.4677734375 0.021484375 0.017578125
1 0.2197265625 0.48828125 0.015625 0.021484375
1 0.29296875 0.458984375 0.017578125 0.013671875
1 0.3359375 0.44921875 0.017578125 0.01953125
1 0.359375 0.4404296875 0.015625 0.0234375
1 0.3515625 0.4306640625 0.01953125 0.01953125
1 0.4384765625 0.53125 0.017578125 0.021484375
1 0.4580078125 0.5634765625 0.017578125 0.021484375
1 0.4794921875 0.5703125 0.017578125 0.017578125
1 0.296875 0.5048828125 0.01953125 0.015625
1 0.287109375 0.5087890625 0.015625 0.013671875
1 0.4755859375 0.7431640625 0.017578125 0.015625
1 0.4775390625 0.751953125 0.015625 0.013671875