1 0.16015625 0.755859375 0.05078125 0.068359375
1 0.2744140625 0.681640625 0.048828125 0.05859375
1 0.45703125 0.5849609375 0.04296875 0.0390625
1 0.3740234375 0.58984375 0.044921875 0.0390625
1 0.486328125 0.5234375 0.04296875 0.046875
1 0.5029296875 0.4853515625 0.046875 0.060546875
1 0.52734375 0.4462890625 0.04296875 0.046875
1 0.484375 0.439453125 0.04296875 0.052734375
1 0.4453125 0.419921875 0.0390625 0.041015625
1 0.390625 0.36328125 0.0390625 0.05078125
1 0.3408203125 0.3583984375 0.041015625 0.0546875