1 0.9248046875 0.4853515625 0.064453125 0.07421875
1 0.7890625 0.48046875 0.060546875 0.064453125
1 0.583984375 0.455078125 0.048828125 0.046875
1 0.6552734375 0.498046875 0.05078125 0.046875
1 0.5244140625 0.4892578125 0.05078125 0.052734375
1 0.4892578125 0.509765625 0.05859375 0.06640625
1 0.447265625 0.5283203125 0.05078125 0.052734375
1 0.4775390625 0.55859375 0.052734375 0.05859375
1 0.498046875 0.5966796875 0.044921875 0.046875
1 0.51171875 0.6748046875 0.05078125 0.056640625
1 0.548828125 0.70703125 0.052734375 0.060546875