1 0.267578125 0.8564453125 0.06640625 0.07421875
1 0.3505859375 0.748046875 0.060546875 0.06640625
1 0.48828125 0.5947265625 0.048828125 0.046875
1 0.412109375 0.6279296875 0.052734375 0.048828125
1 0.494140625 0.5263671875 0.05078125 0.052734375
1 0.498046875 0.4853515625 0.060546875 0.06640625
1 0.5068359375 0.4404296875 0.05078125 0.052734375
1 0.46484375 0.4482421875 0.0546875 0.05859375
1 0.421875 0.443359375 0.046875 0.046875
1 0.3505859375 0.4091796875 0.05078125 0.056640625
1 0.3017578125 0.4208984375 0.052734375 0.060546875