1 0.4052734375 0.7294921875 0.068359375 0.16015625
1 0.2783203125 0.6103515625 0.0625 0.078125
1 0.4423828125 0.564453125 0.05859375 0.12890625
1 0.4541015625 0.4365234375 0.0546875 0.1171875
1 0.4970703125 0.3798828125 0.048828125 0.103515625
1 0.587890625 0.3232421875 0.041015625 0.06640625
1 0.1826171875 0.2939453125 0.0546875 0.068359375
1 0.4462890625 0.2080078125 0.046875 0.06640625
1 0.3818359375 0.126953125 0.046875 0.05859375
1 0.306640625 0.06640625 0.046875 0.052734375
1 0.4072265625 0.884765625 0.06640625 0.15234375