1 0.501953125 0.748046875 0.12109375 0.166015625
1 0.6640625 0.685546875 0.083984375 0.091796875
1 0.5283203125 0.5810546875 0.099609375 0.134765625
1 0.56640625 0.4580078125 0.091796875 0.123046875
1 0.5478515625 0.3896484375 0.080078125 0.107421875
1 0.4853515625 0.3037109375 0.060546875 0.07421875
1 0.87109375 0.427734375 0.07421875 0.080078125
1 0.6591796875 0.2490234375 0.06640625 0.076171875
1 0.7490234375 0.1982421875 0.0625 0.068359375
1 0.841796875 0.169921875 0.060546875 0.064453125
1 0.44140625 0.890625 0.115234375 0.158203125