1 0.2958984375 0.6416015625 0.126953125 0.1640625
1 0.25390625 0.4716796875 0.0859375 0.09375
1 0.4169921875 0.5234375 0.10546875 0.134765625
1 0.49609375 0.421875 0.09765625 0.123046875
1 0.5634765625 0.3974609375 0.083984375 0.107421875
1 0.669921875 0.3994140625 0.0625 0.07421875
1 0.3466796875 0.154296875 0.076171875 0.080078125
1 0.6142578125 0.2255859375 0.068359375 0.078125
1 0.6044921875 0.1220703125 0.064453125 0.0703125
1 0.572265625 0.03125 0.0625 0.0625
1 0.212890625 0.771484375 0.12109375 0.158203125