1 0.91015625 0.37890625 0.166015625 0.123046875
1 0.7490234375 0.4169921875 0.1640625 0.140625
1 0.3017578125 0.5107421875 0.177734375 0.177734375
1 0.92578125 0.4384765625 0.1484375 0.154296875
1 0.7470703125 0.4765625 0.21484375 0.125
1 0.5263671875 0.5126953125 0.171875 0.171875
1 0.3642578125 0.5791015625 0.150390625 0.18359375
1 0.3330078125 0.6435546875 0.1328125 0.1640625
1 0.419921875 0.685546875 0.130859375 0.16015625
1 0.2158203125 0.84375 0.158203125 0.17578125
1 0.828125 0.1884765625 0.1796875 0.197265625