1 0.08984375 0.62109375 0.1796875 0.154296875
1 0.24609375 0.56640625 0.18359375 0.169921875
1 0.671875 0.4013671875 0.205078125 0.205078125
1 0.1083984375 0.681640625 0.17578125 0.17578125
1 0.279296875 0.615234375 0.22265625 0.16796875
1 0.484375 0.525390625 0.197265625 0.197265625
1 0.6572265625 0.4921875 0.181640625 0.203125
1 0.7177734375 0.529296875 0.162109375 0.181640625
1 0.6689453125 0.6123046875 0.16015625 0.177734375
1 0.9150390625 0.6337890625 0.169921875 0.197265625
1 0.080078125 0.41796875 0.16015625 0.22265625