1 0.076171875 0.5322265625 0.15234375 0.107421875
1 0.2392578125 0.529296875 0.15234375 0.126953125
1 0.6962890625 0.53125 0.162109375 0.1640625
1 0.0693359375 0.470703125 0.138671875 0.140625
1 0.2529296875 0.4716796875 0.20703125 0.103515625
1 0.4765625 0.482421875 0.15625 0.15625
1 0.6494140625 0.451171875 0.1328125 0.171875
1 0.693359375 0.39453125 0.1171875 0.154296875
1 0.6171875 0.3349609375 0.1171875 0.150390625
1 0.8486328125 0.22265625 0.142578125 0.1640625
1 0.1142578125 0.736328125 0.1640625 0.18359375