1 0.5517578125 0.28125 0.05859375 0.048828125
1 0.3359375 0.3955078125 0.04296875 0.04296875
1 0.4541015625 0.3408203125 0.0390625 0.0390625
1 0.3408203125 0.498046875 0.05078125 0.0546875
1 0.5185546875 0.4091796875 0.05859375 0.05859375
1 0.462890625 0.4716796875 0.044921875 0.046875
1 0.591796875 0.408203125 0.0546875 0.05859375
1 0.1796875 0.1787109375 0.037109375 0.037109375
1 0.0439453125 0.2578125 0.046875 0.048828125
1 0.5537109375 0.2119140625 0.041015625 0.03515625
1 0.5947265625 0.205078125 0.056640625 0.05859375