1 0.28125 0.4560546875 0.041015625 0.03125
1 0.37890625 0.4248046875 0.037109375 0.02734375
1 0.4775390625 0.39453125 0.037109375 0.029296875
1 0.404296875 0.412109375 0.041015625 0.029296875
1 0.5224609375 0.365234375 0.033203125 0.017578125
1 0.658203125 0.3330078125 0.033203125 0.015625
1 0.271484375 0.41015625 0.03125 0.017578125
1 0.5908203125 0.3359375 0.03125 0.021484375
1 0.693359375 0.3115234375 0.03515625 0.0234375
1 0.5 0.353515625 0.03515625 0.01953125
1 0.66796875 0.3046875 0.03515625 0.02734375
1 0.5751953125 0.3232421875 0.033203125 0.0234375
1 0.767578125 0.2783203125 0.03515625 0.021484375
1 0.783203125 0.263671875 0.041015625 0.025390625
1 0.8408203125 0.2490234375 0.044921875 0.02734375
1 0.28125 0.3671875 0.03125 0.02734375
1 0.515625 0.3056640625 0.02734375 0.015625
1 0.43359375 0.3212890625 0.02734375 0.025390625
1 0.3193359375 0.3388671875 0.02734375 0.01953125