1 0.34375 0.341796875 0.04296875 0.03515625
1 0.4423828125 0.3701171875 0.037109375 0.029296875
1 0.5400390625 0.400390625 0.0390625 0.03125
1 0.4697265625 0.373046875 0.041015625 0.033203125
1 0.59375 0.4013671875 0.033203125 0.021484375
1 0.724609375 0.4501953125 0.033203125 0.01953125
1 0.361328125 0.2978515625 0.03125 0.021484375
1 0.6669921875 0.4140625 0.033203125 0.0234375
1 0.765625 0.451171875 0.037109375 0.02734375
1 0.58203125 0.37890625 0.03515625 0.0234375
1 0.7490234375 0.4326171875 0.037109375 0.03125
1 0.6611328125 0.3955078125 0.033203125 0.025390625
1 0.845703125 0.4658203125 0.037109375 0.025390625
1 0.8671875 0.4619140625 0.041015625 0.029296875
1 0.9228515625 0.482421875 0.044921875 0.033203125
1 0.392578125 0.267578125 0.033203125 0.029296875
1 0.62109375 0.34765625 0.02734375 0.01953125
1 0.544921875 0.314453125 0.029296875 0.02734375
1 0.4404296875 0.265625 0.02734375 0.021484375