1 0.4453125 0.1728515625 0.06640625 0.033203125
1 0.150390625 0.111328125 0.05078125 0.03125
1 0.9462890625 0.2138671875 0.0703125 0.037109375
1 0.6708984375 0.1455078125 0.052734375 0.037109375
1 0.642578125 0.107421875 0.0625 0.0390625
1 0.89453125 0.1416015625 0.052734375 0.041015625
1 0.6201171875 0.080078125 0.064453125 0.03125
1 0.55859375 0.0546875 0.0625 0.046875
1 0.8134765625 0.0908203125 0.064453125 0.041015625
1 0.8603515625 0.0947265625 0.0625 0.029296875
1 0.3623046875 0.0107421875 0.060546875 0.021484375
1 0.6845703125 0.0302734375 0.0625 0.01953125