1 0.6103515625 0.6953125 0.0546875 0.0390625
1 0.37109375 0.6455078125 0.0390625 0.037109375
1 0.5 0.666015625 0.03515625 0.03515625
1 0.34765625 0.5458984375 0.04296875 0.048828125
1 0.54296875 0.58203125 0.05078125 0.05078125
1 0.4716796875 0.537109375 0.037109375 0.041015625
1 0.61328125 0.5625 0.046875 0.052734375
1 0.2802734375 0.8974609375 0.033203125 0.03125
1 0.12890625 0.8583984375 0.0390625 0.04296875
1 0.630859375 0.7626953125 0.0390625 0.02734375
1 0.671875 0.7568359375 0.048828125 0.052734375