1 0.5634765625 0.404296875 0.044921875 0.03515625
1 0.6611328125 0.46875 0.03515625 0.029296875
1 0.3984375 0.3330078125 0.044921875 0.033203125
1 0.4677734375 0.37890625 0.033203125 0.02734375
1 0.521484375 0.4111328125 0.041015625 0.033203125
1 0.5908203125 0.4560546875 0.03125 0.02734375
1 0.32421875 0.3056640625 0.056640625 0.04296875
1 0.6923828125 0.51953125 0.029296875 0.025390625
1 0.6318359375 0.48828125 0.041015625 0.033203125
1 0.4072265625 0.361328125 0.03515625 0.029296875
1 0.453125 0.3935546875 0.048828125 0.0390625
1 0.5400390625 0.451171875 0.033203125 0.02734375
1 0.6748046875 0.5390625 0.044921875 0.03515625
1 0.7490234375 0.5849609375 0.037109375 0.033203125