1 0.697265625 0.7666015625 0.06640625 0.04296875
1 0.98046875 0.6865234375 0.0390625 0.037109375
1 0.2314453125 0.9580078125 0.072265625 0.046875
1 0.5087890625 0.8935546875 0.0546875 0.04296875
1 0.5517578125 0.9140625 0.064453125 0.046875
1 0.3095703125 0.9873046875 0.056640625 0.025390625
1 0.583984375 0.9287109375 0.06640625 0.0390625
1 0.650390625 0.923828125 0.06640625 0.0546875
1 0.40625 0.9912109375 0.06640625 0.017578125
1 0.9619140625 0.84375 0.068359375 0.041015625
1 0.84765625 0.8818359375 0.0625 0.048828125
1 0.94921875 0.869140625 0.064453125 0.037109375
1 0.548828125 0.994140625 0.0625 0.01171875