1 0.3203125 0.6318359375 0.041015625 0.03125
1 0.4228515625 0.619140625 0.037109375 0.025390625
1 0.5244140625 0.6044921875 0.037109375 0.02734375
1 0.451171875 0.6201171875 0.0390625 0.029296875
1 0.5771484375 0.6123046875 0.033203125 0.017578125
1 0.7138671875 0.583984375 0.033203125 0.015625
1 0.3310546875 0.677734375 0.03125 0.017578125
1 0.6513671875 0.6103515625 0.03125 0.01953125
1 0.7548828125 0.58984375 0.03515625 0.0234375
1 0.5625 0.6328125 0.03515625 0.017578125
1 0.7353515625 0.60546875 0.03515625 0.02734375
1 0.6435546875 0.6279296875 0.03125 0.021484375
1 0.8359375 0.587890625 0.03515625 0.021484375
1 0.8564453125 0.5947265625 0.041015625 0.0234375
1 0.9150390625 0.5830078125 0.044921875 0.02734375
1 0.357421875 0.712890625 0.029296875 0.02734375
1 0.595703125 0.6689453125 0.02734375 0.015625
1 0.515625 0.6904296875 0.02734375 0.0234375
1 0.404296875 0.7216796875 0.02734375 0.01953125