1 0.5947265625 0.818359375 0.0625 0.02734375
1 0.89453125 0.8427734375 0.048828125 0.025390625
1 0.091796875 0.8388671875 0.068359375 0.029296875
1 0.3740234375 0.873046875 0.048828125 0.03125
1 0.40625 0.9072265625 0.05859375 0.033203125
1 0.1513671875 0.904296875 0.048828125 0.03515625
1 0.4326171875 0.931640625 0.0625 0.0234375
1 0.49609375 0.94921875 0.05859375 0.041015625
1 0.23828125 0.9443359375 0.0625 0.033203125
1 0.1923828125 0.9462890625 0.060546875 0.021484375
1 0.81640625 0.9814453125 0.064453125 0.0234375
1 0.6962890625 0.9775390625 0.056640625 0.03515625
1 0.7958984375 0.9951171875 0.060546875 0.009765625
1 0.3740234375 0.9892578125 0.0625 0.01171875