1 0.5400390625 0.392578125 0.046875 0.029296875
1 0.650390625 0.43359375 0.03515625 0.025390625
1 0.3642578125 0.3603515625 0.044921875 0.02734375
1 0.44140625 0.388671875 0.033203125 0.0234375
1 0.5 0.408203125 0.041015625 0.02734375
1 0.578125 0.4375 0.029296875 0.0234375
1 0.28515625 0.3505859375 0.05859375 0.03125
1 0.6923828125 0.4755859375 0.029296875 0.021484375
1 0.6259765625 0.458984375 0.041015625 0.02734375
1 0.37890625 0.3857421875 0.03515625 0.0234375
1 0.4306640625 0.4072265625 0.05078125 0.029296875
1 0.52734375 0.443359375 0.033203125 0.0234375
1 0.6787109375 0.4990234375 0.046875 0.029296875
1 0.7626953125 0.52734375 0.03515625 0.02734375