1 0.4560546875 0.7197265625 0.05859375 0.05078125
1 0.6669921875 0.5986328125 0.044921875 0.04296875
1 0.5517578125 0.658203125 0.0390625 0.0390625
1 0.6591796875 0.4970703125 0.052734375 0.0546875
1 0.484375 0.5908203125 0.05859375 0.05859375
1 0.5380859375 0.5263671875 0.044921875 0.046875
1 0.412109375 0.5947265625 0.0546875 0.05859375
1 0.8310546875 0.8095703125 0.0390625 0.037109375
1 0.9638671875 0.7265625 0.046875 0.048828125
1 0.4560546875 0.7900390625 0.04296875 0.037109375
1 0.416015625 0.7978515625 0.05859375 0.060546875