1 0.5068359375 0.3857421875 0.044921875 0.021484375
1 0.3896484375 0.3779296875 0.033203125 0.01953125
1 0.6806640625 0.427734375 0.044921875 0.01953125
1 0.5986328125 0.4228515625 0.03125 0.017578125
1 0.537109375 0.416015625 0.0390625 0.021484375
1 0.4541015625 0.4111328125 0.02734375 0.01953125
1 0.7568359375 0.451171875 0.056640625 0.0234375
1 0.333984375 0.400390625 0.02734375 0.017578125
1 0.4013671875 0.4111328125 0.0390625 0.021484375
1 0.6572265625 0.4443359375 0.03515625 0.01953125
1 0.6015625 0.443359375 0.048828125 0.021484375
1 0.498046875 0.4365234375 0.03125 0.017578125
1 0.3369140625 0.42578125 0.044921875 0.021484375
1 0.2490234375 0.41796875 0.033203125 0.0234375