1 0.63671875 0.248046875 0.0703125 0.03125
1 0.302734375 0.3349609375 0.095703125 0.025390625
1 0.8408203125 0.3447265625 0.068359375 0.0390625
1 0.7099609375 0.3779296875 0.052734375 0.025390625
1 0.9228515625 0.474609375 0.134765625 0.033203125
1 0.0478515625 0.5322265625 0.046875 0.033203125
1 0.4365234375 0.7294921875 0.052734375 0.052734375
1 0.1298828125 0.7451171875 0.056640625 0.01953125
1 0.9013671875 0.765625 0.068359375 0.04296875
1 0.6357421875 0.8408203125 0.025390625 0.021484375
1 0.666015625 0.8544921875 0.02734375 0.01171875
1 0.1328125 0.9619140625 0.04296875 0.02734375