1 0.2958984375 0.298828125 0.07421875 0.046875
1 0.640625 0.28515625 0.099609375 0.05078125
1 0.1279296875 0.451171875 0.076171875 0.0546875
1 0.263671875 0.4453125 0.056640625 0.037109375
1 0.0888671875 0.599609375 0.138671875 0.06640625
1 0.9423828125 0.3984375 0.052734375 0.044921875
1 0.6279296875 0.701171875 0.064453125 0.064453125
1 0.9248046875 0.6259765625 0.05859375 0.033203125
1 0.1943359375 0.87109375 0.076171875 0.05859375
1 0.4697265625 0.865234375 0.029296875 0.02734375
1 0.4443359375 0.8876953125 0.029296875 0.017578125
1 0.98046875 0.8330078125 0.0390625 0.037109375