1 0.739258 0.62207 0.193359 0.111328 0.534069
1 0.707031 0.594727 0.136719 0.0761719 0.587058
1 0.669922 0.708984 0.078125 0.0390625 0.594285
1 0.71875 0.764648 0.0859375 0.0371094 0.625042
1 0.864258 0.863281 0.0800781 0.0273438 0.642538
1 0.725586 0.849609 0.0957031 0.0390625 0.658189
1 0.663086 0.430664 0.111328 0.0527344 0.701043
1 0.734375 0.601562 0.199219 0.0898438 0.707174
1 0.813477 0.389648 0.166016 0.0917969 0.715715
1 0.533203 0.676758 0.117188 0.103516 0.73456
1 0.307617 0.62207 0.126953 0.0761719 0.744356
