1 0.799805 0.829102 0.0410156 0.0488281 0.511574
1 0.789062 0.382812 0.0390625 0.0273438 0.535642
1 0.65332 0.138672 0.0332031 0.0234375 0.535713
1 0.919922 0.0205078 0.0390625 0.0332031 0.543546
1 0.774414 0.870117 0.0449219 0.0488281 0.547546
1 0.641602 0.711914 0.0410156 0.0488281 0.600513
1 0.963867 0.191406 0.0410156 0.0585938 0.602235
1 0.487305 0.385742 0.0488281 0.0605469 0.609513
1 0.508789 0.495117 0.0410156 0.0566406 0.623764
1 0.793945 0.145508 0.0449219 0.0683594 0.659614
1 0.149414 0.123047 0.0410156 0.0664062 0.662623
1 0.816406 0.552734 0.046875 0.046875 0.675113
1 0.736328 0.588867 0.0390625 0.0371094 0.677377
1 0.336914 0.703125 0.0488281 0.0234375 0.687703
1 0.330078 0.837891 0.0429688 0.0390625 0.71616
1 0.350586 0.264648 0.0800781 0.0449219 0.761766
